1.000000000000000056e-01
1.151395399326447244e-01
1.325711365590109270e-01
1.526417967175233426e-01
1.757510624854791981e-01
2.023589647725157203e-01
2.329951810515371868e-01
2.682695795279725903e-01
3.088843596477480746e-01
3.556480306223128718e-01
4.094915062380425352e-01
4.714866363457393406e-01
5.428675439323858987e-01
6.250551925273972742e-01
7.196856730011519376e-01
8.286427728546844618e-01
9.540954763499939206e-01
1.098541141987558367e+00
1.264855216855295783e+00
1.456348477501243632e+00
1.676832936811008201e+00
1.930697728883249642e+00
2.222996482526194306e+00
2.559547922699535683e+00
2.947051702551809704e+00
3.393221771895328143e+00
3.906939937054616951e+00
4.498432668969446269e+00
5.179474679231209855e+00
5.963623316594642176e+00
6.866488450043001457e+00
7.906043210907697905e+00
9.102981779915218397e+00
1.048113134154685255e+01
1.206792640639328873e+01
1.389495494373137419e+01
1.599858719606057278e+01
1.842069969326716361e+01
2.120950887920190553e+01
2.442053094548649739e+01
2.811768697974230946e+01
3.237457542817643485e+01
3.727593720314938253e+01
4.291934260128778078e+01
4.941713361323833453e+01
5.689866029018293148e+01
6.551285568595508835e+01
7.543120063354615468e+01
8.685113737513520960e+01
1.000000000000000000e+02
