1.316999999999999927e-05
1.395440501468549989e-05
1.478554227688369569e-05
1.566616904474433695e-05
1.659923620826558494e-05
1.758790614441580513e-05
1.863543874643068329e-05
1.974536426224002546e-05
2.092139939856933729e-05
2.216750012203065514e-05
2.348778439034307730e-05
2.488671536929466693e-05
2.636895311051534228e-05
2.793953858392998860e-05
2.960362166706377536e-05
3.136677693863115145e-05
3.323499945743926229e-05
3.521446868131574077e-05
3.731184714891591311e-05
3.953423448573975589e-05
4.188878004096639930e-05
4.438378323728642104e-05
4.702731655061595604e-05
4.982823070054633122e-05
5.279593988398522764e-05
5.594043214727157021e-05
5.927226085195436004e-05
6.280250828544860133e-05
6.654304582223861183e-05
7.050660899079719518e-05
7.470602583228865934e-05
7.915519707660683454e-05
8.386985843379248071e-05
8.886519750070847939e-05
9.415818861665391389e-05
9.976592505056473099e-05
1.057084149356278204e-04
1.120040821533358719e-04
1.186753773372381000e-04
1.257435290298557218e-04
1.332327090853174822e-04
1.411681476638118431e-04
1.495761441382506031e-04
1.584848988079336207e-04
1.679242925376331287e-04
1.779258466676393743e-04
1.885231352385096650e-04
1.997515618388064009e-04
2.116488846248414958e-04
2.242545706555146615e-04
2.376115439157371967e-04
2.517634914262774468e-04
2.667584893813106724e-04
2.826465330194246630e-04
2.994815353829361057e-04
3.173188126445643524e-04
3.362181205483648545e-04
3.562434573738608554e-04
3.774612364219999210e-04
3.999429086812208447e-04
4.237628987055442817e-04
4.490022739902562593e-04
4.757449544664756405e-04
5.040801016580675553e-04
5.341044119376594200e-04
5.659161223788242720e-04
5.996202860147787370e-04
6.353356617718001207e-04
6.731752197914536240e-04
7.132721699288351470e-04
7.557542335435518763e-04
8.007636743925869308e-04
8.484567364372547476e-04
8.989945186590850464e-04
9.525393817534824181e-04
1.009272741206222561e-03
1.069384109455564016e-03
1.133078670245715302e-03
1.200557890226893387e-03
1.272070470965498516e-03
1.347833028356687328e-03
1.428109798546515910e-03
1.513168703948600214e-03
1.603293752145637649e-03
1.698784923767510027e-03
1.799964738731769367e-03
1.907172678049846902e-03
2.020763072050867082e-03
2.141118746738329606e-03
2.268643964149568218e-03
2.403767179543338760e-03
2.546935554988280330e-03
2.698632242200706827e-03
2.859363601625733355e-03
3.029668668809135362e-03
3.210112463621162503e-03
3.401307837728948825e-03
3.603894504676579454e-03
3.818542401187604261e-03
4.045971079140668614e-03
4.286955870720774407e-03
4.542287767898407075e-03
4.812822499305666711e-03
5.099472628570985051e-03
5.403209925167387975e-03
5.725016627326195637e-03
6.065993588562584513e-03
6.427306046157524669e-03
6.810108124040145823e-03
7.215726668054657164e-03
7.645464097666884382e-03
8.100826690286389020e-03
8.583327359111556434e-03
9.094550175399828199e-03
9.636209318660734699e-03
1.021017296048500229e-02
1.081831474149402665e-02
1.146263980155794344e-02
1.214530095816003519e-02
1.286874273262915078e-02
1.363519184000546586e-02
1.444730026360563704e-02
1.530779477094099117e-02
1.621953141933830944e-02
1.718556099699741768e-02
1.820914383841009190e-02
1.929367850022047776e-02
2.044281909114050930e-02
2.166040044603648879e-02
2.295048828601501181e-02
2.431742268555190517e-02
2.576578374349252146e-02
2.730037250394373380e-02
2.892636406365995880e-02
3.064929020246683414e-02
3.247473776094449843e-02
3.440897298229387419e-02
3.645836216967394960e-02
3.862974402294905990e-02
4.093061995748436405e-02
4.336844739641131791e-02
4.595142477329582781e-02
4.868833550218856776e-02
5.158818759768264012e-02
5.466091143023158599e-02
5.791633135001780092e-02
6.136598730744498992e-02
6.502098247346334292e-02
6.889372475989201383e-02
7.299674646240139619e-02
7.734456209587906028e-02
8.195140163653899523e-02
8.683211139828049541e-02
9.200396797675100546e-02
9.748406723957984965e-02
1.032900670561938683e-01
1.094417391015306690e-01
1.159606596638285414e-01
1.228670852419557757e-01
1.301846506662449054e-01
1.379386911220689127e-01
1.461543754203186718e-01
1.548593742834667164e-01
1.640829110825111348e-01
1.738556483284380005e-01
1.842104895075551418e-01
1.951822441956624077e-01
2.068072076316098962e-01
2.191245665759332106e-01
2.321756284343746424e-01
2.460040683132937445e-01
2.606563314551035293e-01
2.761811093798821615e-01
2.926302504577207864e-01
3.100596340966716991e-01
3.285264205587193898e-01
3.480940726213571645e-01
3.688259460791589173e-01
3.907942291828631620e-01
4.140689108761471671e-01
4.387309117074860154e-01
4.648618121492357758e-01
4.925500403913471992e-01
5.218859221569699391e-01
5.529686902997450471e-01
5.859036128498404938e-01
6.208018100827263908e-01
6.577764459094994631e-01
6.618655865073900246e-01
6.659823112670856249e-01
6.701232884379563215e-01
6.742884643937803180e-01
6.784812735047137666e-01
6.827017780312062412e-01
6.869464526022593942e-01
6.912188439797829487e-01
6.955153256300301567e-01
6.998395204744241038e-01
7.041914630820808041e-01
7.085711826198303198e-01
7.129748428694394624e-01
7.174101330776730956e-01
7.218692961637331873e-01
7.263561958128349483e-01
7.308748855406642653e-01
7.354172948705062218e-01
7.399915718499788797e-01
7.445936395759716886e-01
7.492234699798613340e-01
7.538810276136831412e-01
7.585706386508154209e-01
7.632835682492580265e-01
7.680330306688359920e-01
7.728056895398371928e-01
7.776104862279690222e-01
7.824475100702240615e-01
7.873121390738769820e-01
7.922090421308437547e-01
7.971334668950530444e-01
8.020901849009719475e-01
8.070792555505847954e-01
8.120957249357166896e-01
8.171445235184989775e-01
8.222256906508504937e-01
8.273392593523257732e-01
8.324852560982547445e-01
8.376583727675164237e-01
8.428692112740955311e-01
8.481070533914621956e-01
8.533827522079738825e-01
8.586909038748671286e-01
8.640258223662627968e-01
8.693987483826673968e-01
8.748040492068973606e-01
8.802475654504501312e-01
8.857175522721310035e-01
8.912257907344999230e-01
8.967663300672064075e-01
9.023452755339046449e-01
9.079565118475568797e-01
9.135999445041794731e-01
9.192818851909759781e-01
9.249959614830838284e-01
9.307486271987787108e-01
9.365333333333332178e-01
9.423566787830217617e-01
9.482187598997782185e-01
9.541127548285205373e-01
9.600454873488309948e-01
9.660170318264835743e-01
9.720202817899341596e-01
9.780695565639087041e-01
9.841504696572286326e-01
9.902702377550866020e-01
9.964213568580571057e-01
1.002618837358019377e+00
1.008855251869101410e+00
1.015130610388709442e+00
1.021436991996028887e+00
1.027790134151195023e+00
1.034182195104713653e+00
1.040613147914032810e+00
1.047082955683823702e+00
1.053591571267429750e+00
1.060147470779534196e+00
1.066733624383408463e+00
1.073367129048558022e+00
1.080039363621453141e+00
1.086759196606868594e+00
1.093517772777468755e+00
1.100314972471238884e+00
1.107159970744747701e+00
1.114043546668020079e+00
1.120965545417404341e+00
1.127935458453948936e+00
1.134953464322647099e+00
1.142009833250955841e+00
1.149104361710481470e+00
1.156257133325139019e+00
1.163448117457905440e+00
1.170677072685090359e+00
1.177954277127830629e+00
1.185279850242545674e+00
1.192653903971890639e+00
1.200065607231374676e+00
1.207525718372361556e+00
1.215034319876005631e+00
1.222591485490428953e+00
1.230197279928261667e+00
1.237840124065980429e+00
1.245543187342178948e+00
1.253283087815461716e+00
1.261071479867860168e+00
1.268920598522001342e+00
1.276806142630007246e+00
1.284752707052970289e+00
1.292735357342677860e+00
1.300779282349106447e+00
1.308858897656576037e+00
