0.1
0.11513953993264472
0.13257113655901093
0.15264179671752334
0.1757510624854792
0.20235896477251572
0.2329951810515372
0.2682695795279726
0.3088843596477481
0.35564803062231287
0.40949150623804254
0.4714866363457394
0.542867543932386
0.6250551925273973
0.719685673001152
0.8286427728546845
0.9540954763499939
1.0985411419875581
1.264855216855296
1.4563484775012439
1.6768329368110082
1.93069772888325
2.2229964825261948
2.5595479226995357
2.947051702551811
3.393221771895329
3.906939937054617
4.498432668969445
5.179474679231212
5.963623316594643
6.8664884500430015
7.9060432109077
9.102981779915218
10.481131341546856
12.067926406393285
13.894954943731378
15.99858719606058
18.42069969326716
21.20950887920191
24.42053094548651
28.117686979742306
32.37457542817644
37.2759372031494
42.91934260128778
49.41713361323834
56.89866029018296
65.51285568595509
75.43120063354617
86.85113737513527
100.