0.00001
0.000010400563171471578
0.000010817171428377092
0.00001125046747774734
0.00001170111977108977
0.000012169823535617421
0.000012657301846785057
0.000013164306743787185
0.000013691620389738793
0.000014240056278328632
0.00001481046048880674
0.00001540371299124183
0.00001602072900406281
0.00001666246040597822
0.00001732989720445204
0.000018024069063001214
0.000018746046889671067
0.00001949694448913922
0.00002027792028099671
0.0000210901790868571
0.0000219349739890506
0.000022813608263770667
0.000023727437391655286
0.00002467787114890476
0.000025666375782161933
0.00002669447627051034
0.00002776375867807918
0.000028875872600885474
0.000030032533711687465
0.000031235526406775525
0.00003248670655878375
0.00003378800437976904
0.000035141427398974625
0.000036549063559871774
0.000038013084441257626
0.00003953574860737833
0.000041119405092245776
0.000042766497023523226
0.000044479565391570454
0.000046261252969462845
0.00004811430839003264
0.00005004159038621984
0.000052046072201278426
0.000054130846175636706
0.00005629912851749202
0.00005855426426449728
0.00006089973244419447
0.00006333915144115618
0.00006587628457911498
0.00006851504592669244
0.0000712595063356841
0.00007411389972121616
0.00007708262959346186
0.00008017027585099444
0.000083381601846257
0.00008672156173404872
0.00009019530811436441
0.00009380819998137919
0.00009756581099083711
0.00010147393805860574
0.00010553861030365229
0.00010976609834924569
0.00011416292399672918
0.00011873587028678904
0.00012349199196374044
0.0001284386263589743
0.00013358340471035466
0.00013893426393502976
0.00014449945887381826
0.0001502875750260606
0.0001563075417945816
0.00016256864626119796
0.0001690805475140206
0.0001758532915486573
0.0001828973267663019
0.00019022352009262006
0.0001978431737422988
0.00020576804265512054
0.00021401035263046394
0.00022258281918820488
0.00023149866718511609
0.00024077165121702744
0.00025041607683822155
0.00026044682263080035
0.0002708793631580693
0.00028172979283734904
0.00029301485076904465
0.0003047519465602766
0.00031695918718290867
0.00032965540490741265
0.00034286018635565867
0.00035659390271745417
0.00037087774117744725
0.0003857337376008726
0.0004011848105285717
0.00041725479653372655
0.0004339684869948543
0.0004513516663417924
0.00046943115183367733
0.0004882348349302827
0.0005077917243205403
0.000528131990674626
0.0005492870131886481
0.0005712894279937475
0.0005941731785042834
0.0006179735677827858
0.0006427273130024538
0.0006684726020912199
0.0006952491526447716
0.0007230982731994032
0.0007520629269592407
0.0007821877980761398
0.0008135193605845147
0.000846105950097441
0.0008799978383746413
0.0009152473108773893
0.0009519087474299773
0.0009900387061121862
0.0010296960105121765
0.0010709418404744155
0.0011138398264826195
0.0011584561478233425
0.001204859634681629
0.001253121874326245
0.0013033173215482965
0.0013555234135236192
0.0014098206892761193
0.001466292913926388
0.0015250272079172535
0.0015861141814156317
0.0016496480740980208
0.001715726900535289
0.0017844526014010407
0.0018559312007368294
0.0019302729695168492
0.002007592595764402
0.002088009361482627
0.0021716473266724092
0.0022586355207213768
0.002349108141459228
0.0024432047621864867
0.002541070546996075
0.0026428564747198514
0.002748719571845649
0.002858823154764098
0.002973337081718967
0.0030924380148497064
0.0032163096927304534
0.003345143213825942
0.003479137331301613
0.0036184987596427466
0.0037634424935555936
0.003914192139642546
0.004070980261362981
0.004234048737811955
0.004403649136870274
0.004580043103301553
0.004763502762395053
0.004954311139776911
0.005152762598037512
0.005359163290848515
0.0055738316352701486
0.005797098802977391
0.0060293092311628615
0.006270821153904607
0.006522007154818509
0.006783254741847952
0.007054966945077375
0.007337562938492109
0.00763147868664358
0.007937167617217552
0.008255101320542968
0.008585770277120548
0.00892968461429353
0.009287374893227767
0.00965939292741545
0.010046312633965016
0.010448730918990616
0.010867268598467017
0.011302571355970561
0.011755310738783699
0.012226185193899796
0.012715921145526532
0.013225274115749992
0.013755029890088569
0.014306005729734592
0.014879051632353897
0.015475051643388402
0.016094925219884596
0.016739628648952082
0.017410156523040152
0.018107543274308708
0.0188328647704603
0.019587239974495393
0.020371832670951266
0.021187853261287724
0.022036560631189306
0.02291926409266477
0.023837325403940016
0.02479216087026024
0.025785243528842736
0.02681810542135076
0.027892339957394298
0.029009604372704025
0.0301716222857706
0.031380186356893686
0.03263716105374233
0.0339444855276939
0.035304176605388315
0.03671833190011301
0.03818913304781854
0.03971884907275697
0.041309839887935414
0.04296455993578482
0.044685561974660684
0.04647550101701667
0.04833713842532734
0.05027334617207832
0.05228711127039594
0.05438154038215164
0.05655986461065002
0.058825444485294524
0.061181775145920006
0.06363249173479107
0.06618137500458376
0.06883235715100235
0.07158952787902934
0.07445714071216702
0.07743961955440413
0.08054156551503051
0.08376776400682916
0.08712319212859497
0.09061302634337073
0.09424265046424456
0.09801766396002907
0.10194389059363543
0.10602738740646925
0.11027445406270733
0.11469164256787283
0.1192857673767
0.12406391590588318
0.12903345946792755
0.1342020646429698
0.13957770510611195
0.14516867392851485
0.15098359637122777
0.15703144319149212
0.16332154448204642
0.16986360406478257
0.17666771446096072
0.18374437246107247
0.1911044953183787
0.19875943759109918
0.20672100865923898
0.2150014909430738
0.22361365885140133
0.23257079848878942
0.2418867281522241
0.2515758196487779
0.2616530204671855
0.2721338768375309
0.2830345577146206
0.294371879722043
0.3061633330953941
0.3184271086646941
0.33118212591761886
0.344448062186845
0.35824538300652514
0.37259537368473955
0.38752017214061923
0.40304280305680507
0.41918721339992787
0.4359783093639087
0.4534419947930711
0.47160521114434223
0.4904959790501923
0.5101434415464324
0.5305779090315589
0.5518309060270029
0.573935219810424
0.5969249509970728
0.6208355661472631
0.6457039524810931
0.671568474784849
0.698469034596864
0.7264471317641451
0.7555459284647328
0.78581031579456
0.817286983021535
0.8500244896136894
0.8840733401525063
0.9194860622470021
0.9563172875687593
0.9946238361329233
1.0344648039551863
1.0759016542199877
1.118998312100575
1.1638212633772076
1.210439657005651
1.2589254117941662